0 67
0 89
1 9
1 92
2 95
2 99
3 44
3 51
4 47
4 49
5 11
5 79
6 22
6 29
7 10
7 35
8 36
8 43
9 1
9 44
10 7
10 65
11 5
11 24
12 31
12 39
13 23
13 74
14 59
14 91
15 18
15 87
16 42
16 58
17 31
17 83
18 15
18 68
19 72
19 91
20 78
20 85
21 48
21 95
22 6
22 55
23 13
23 69
24 11
24 70
25 52
25 61
26 32
26 75
27 28
27 90
28 27
28 76
29 6
29 86
30 42
30 63
31 12
31 17
32 26
32 37
33 55
33 92
34 57
34 59
35 7
36 8
36 84
37 32
37 81
38 62
38 78
39 12
39 71
40 62
40 82
41 58
41 74
42 16
42 30
43 8
43 57
44 3
44 9
45 81
45 94
46 83
46 98
47 4
47 50
48 21
48 84
49 4
49 63
50 47
50 98
51 3
51 53
52 25
52 82
53 51
53 93
54 60
54 96
55 22
55 33
56 60
56 90
57 34
57 43
58 16
58 41
59 14
59 34
60 54
60 56
61 25
61 75
62 38
62 40
63 30
63 49
64 65
64 99
65 10
65 64
66 85
66 86
67 0
67 79
68 18
68 96
69 23
69 93
70 24
70 73
71 39
71 80
71 81
72 19
72 77
73 70
74 13
74 41
75 26
75 61
76 28
76 94
77 72
77 88
78 20
78 38
79 5
79 67
80 71
80 88
81 37
81 45
81 71
82 40
82 52
82 93
83 17
83 46
84 36
84 48
85 20
85 66
86 29
86 66
87 15
87 89
88 77
88 80
89 0
89 87
90 27
90 56
91 14
91 19
92 1
92 33
93 53
93 69
93 82
94 45
94 76
95 2
95 21
96 54
96 68
98 46
98 50
99 2
99 64
